6.210053899999999905e-01
6.230150033579063829e-01
6.290053214473245724e-01
6.388643787292042076e-01
6.524168103360398208e-01
6.694383424999289511e-01
6.896721644441307086e-01
7.128447898449228326e-01
7.386796967624412735e-01
7.669078786979908191e-01
7.972751685641865649e-01
8.295466800663191531e-01
8.635089428657077848e-01
8.989703523526525464e-01
9.357604898739058097e-01
9.737287581298254002e-01
1.012742659518721000e+00
1.052685942914149519e+00
1.093456763849879998e+00
1.134965944162666052e+00
1.177135376415581192e+00
1.219896591686792098e+00
1.263189492676792369e+00
1.306961244417389922e+00
1.351165309800785419e+00
1.395760615008552197e+00
1.440710829559163075e+00
1.485983746347534051e+00
1.531550748231691017e+00
1.577386349126000509e+00
1.623467799005897216e+00
1.669774743613356982e+00
1.716288930923069334e+00
1.762993957564532588e+00
1.809875049391270085e+00
1.856918871251259651e+00
1.904113361753719813e+00
1.951447589459950782e+00
1.998911627463568541e+00
2.046496443781189001e+00
2.094193805360204053e+00
2.141996193836266826e+00
2.189896731448552014e+00
2.237889115753739055e+00
2.285967561976558926e+00
2.334126752001495664e+00
2.382361789151482334e+00
2.430668158019323677e+00
2.479041688719464176e+00
2.527478525014417166e+00
2.575975095844106111e+00
2.624528089849497814e+00
2.673134432535904548e+00
2.721791265767647960e+00
2.770495929325479612e+00
2.819245944292383399e+00
2.868038998062797162e+00
2.916872930795761043e+00
2.965745723154474156e+00
3.014655485193797890e+00
3.063600446273804234e+00
3.112578945891823157e+00
3.161589425337997916e+00
3.210630420090274662e+00
3.259700552874305490e+00
3.308798527322123206e+00
3.357923122170764163e+00
3.407073185948469085e+00
3.456247632101764555e+00
3.505445434521703429e+00
3.554665623431978005e+00
3.603907281605487345e+00
3.653169540879406263e+00
3.702451578941857502e+00
3.751752616365990001e+00
3.801071913869698449e+00
3.850408769781340279e+00
3.899762517693744712e+00
3.949132524290499546e+00
3.998518187330033058e+00
4.047918933774372618e+00
4.097334218050688648e+00
4.146763520434829431e+00
4.196206345547017769e+00
4.245662220950820576e+00
4.295130695847222846e+00
4.344611339856426113e+00
4.394103741880595493e+00
4.443607509041393122e+00
4.493122265686641192e+00
4.542647652460957808e+00
4.592183325435630792e+00
4.641728955293388914e+00
4.691284226564092386e+00
4.740848836907695762e+00
4.790422496441107292e+00
4.840004927105866273e+00
4.889595862073782051e+00
4.939195045187935840e+00
4.988802230436585994e+00
5.038417181457789162e+00
5.088039671072648318e+00
5.137669480845284298e+00
5.187306400667793582e+00
5.236950228368516314e+00
5.286600769342153505e+00
5.336257836200295479e+00
5.385921248441073672e+00
5.435590832136747430e+00
5.485266419638070268e+00
5.534947849294431066e+00
5.584634965188778111e+00
5.634327616886424472e+00
5.684025659196926483e+00
5.733728951948203978e+00
5.783437359772218400e+00
5.833150751901501785e+00
5.882869001975911338e+00
5.932591987859021643e+00
5.982319591463586939e+00
6.032051698585569000e+00
6.081788198746242102e+00
6.131528985041908797e+00
6.181273954000830351e+00
6.231023005446942875e+00
6.280776042370007417e+00
6.330532970801831638e+00
6.380293699698239784e+00
6.430058140826493407e+00
6.479826208657841313e+00
6.529597820264970487e+00
6.579372895224062212e+00
6.629151355521237576e+00
6.678933125463156983e+00
6.728718131591563179e+00
6.778506302601558176e+00
6.828297569263444444e+00
6.878091864347920747e+00
6.927889122554507395e+00
6.977689280442993081e+00
7.027492276367797608e+00
7.077298050415077313e+00
7.127106544342455940e+00
7.176917701521249526e+00
7.226731466881072485e+00
7.276547786856694344e+00
7.326366609337063629e+00
7.376187883616378116e+00
7.426011560347118845e+00
7.475837591494952861e+00
7.525665930295407868e+00
7.575496531212265516e+00
7.625329349897554287e+00
7.675164343153119795e+00
7.725001468893650802e+00
7.774840686111134325e+00
7.824681954840660758e+00
7.874525236127512429e+00
7.924370491995503585e+00
7.974217685416485679e+00
8.024066780280998401e+00
8.073917741369989187e+00
8.123770534327583448e+00
8.173625125634833566e+00
8.223481482584434232e+00
8.273339573256318857e+00
8.323199366494177909e+00
8.373060831882749966e+00
8.422923939725981413e+00
8.472788661025900225e+00
8.522654967462255371e+00
8.572522831372866747e+00
8.622392225734634152e+00
8.672263124145223046e+00
8.722135500805354269e+00
8.772009330501710167e+00
8.821884588590414467e+00
8.871761250981061053e+00
8.921639294121291641e+00
8.971518694981863717e+00
9.021399431042230077e+00
9.071281480276592646e+00
9.121164821140393286e+00
9.171049432557271786e+00
9.220935293906419972e+00
9.270822385010353273e+00
9.320710686123085509e+00
9.370600177918651852e+00
9.420490841480027910e+00
9.470382658288368560e+00
9.520275610212609152e+00
9.570169679499370474e+00
9.620064848763187015e+00
9.669961100977038981e+00
9.719858419463170307e+00
9.769756787884182003e+00
9.819656190234415050e+00
9.869556610831565990e+00
9.919458034308581418e+00
9.969360445605779830e+00
1.001926382996320974e+01
